(1.2;0.0;1),(-1.2;0.0;0),
(1.244194173824159;-0.044194173824159216;1),(-1.2456563612995055;0.0485774639205907;0),
(1.2911745719019274;-0.09760602590228175;1),(-1.2939798111904255;0.10759902962653824;0),
(1.3405945036070859;-0.16284374564265408;1),(-1.3443789177723002;0.18009079601359865;0),
(1.3915298353742374;-0.2434041920467978;1),(-1.3954629218939216;0.27010383425573303;0),
(1.4419623216420268;-0.34394651573535356;1),(-1.4443382067880517;0.38298176810620976;0),
(1.4878338355268135;-0.47051334936000966;1),(-1.4853404323262263;0.5254562720269768;0),
(1.5213843677666241;-0.6303760104907041;1),(-1.5079008643876144;0.7050137477485081;0),
(-1.4935802719160416;0.9271384799136637;0),(1.5285408798294224;-0.8306031688512805;1),
(-1.4510497099110846;1.1699051882387932;0),(1.4480460886087438;-1.095417825902617;1),
(-1.3270426808832798;1.4422331991970128;0),(1.268326699361842;-1.3729560127612896;1),
(-1.0953126320819886;1.7030076592414964;0),(0.9778725225917031;-1.6055738481173254;1),
(-0.7659980113721411;1.8882836756162538;0),(0.616079731288713;-1.731368170779176;1),
(-0.3991767883204437;1.9532645435375664;0),(0.2574160298780542;-1.7334199292335304;1),
(-0.06523519639059594;1.9071522942804173;0),(-0.042556403667428355;-1.6450552911718839;1),
(0.19962008065129727;1.7928100591562388;0),(-0.26868144843796027;-1.5116904129023703;1),
(0.39379890283708474;1.6503735432191269;0),(-0.430123865322582;-1.3653756119745954;1),
(0.5306226812587771;1.5041231346927528;0),(-0.5423798761160196;-1.2227320320698143;1),
(0.6251096866107139;1.3654760295313808;0),(-0.6192743733934732;-1.0906031642664906;1),
(0.6894380277304526;1.238589042707933;0),(-0.6711825529521105;-0.9708950006436955;1),
(0.7324537681136145;1.1241638863662826;0),(-0.7054223664376442;-0.8633356763958026;1),
(0.7603357100621416;1.0214578119343884;0),(-0.7270574784851476;-0.7668272007066618;1),
(0.777359044874462;0.9292343261665548;0),(-0.7395909568898593;-0.6800553384594057;1),
(0.7864937846973189;0.8461806798300225;0),(-0.7454666312765005;-0.6017444128556133;1),
(-0.7464100593413836;-0.5307502899632169;1),(0.7898241862609369;0.771075124596148;0),
(-0.7454172891895539;-0.46251681796140787;1),(0.7871006642938427;0.7052634476062712;0),
(-0.7411673436002115;-0.4002266626897638;1),(0.7814925798824055;0.6450644439842923;0),
(-0.7344371290423027;-0.3430932230765694;1),(0.7736798440167255;0.5897442768998928;0),
(-0.7257999073564684;-0.2904527820013954;1),(0.7641666293938918;0.538683708098199;0),
(-0.7156834777156338;-0.24174522530748546;1),(0.7533308063751732;0.491359597923697;0),
(-0.7044103295834213;-0.196496763327551;1),(0.741458280440989;0.44732871358803267;0),
(-0.6922257322294002;-0.15430519368240242;1),(0.7287671623611769;0.4062140730592716;0),
(-0.6793176475448076;-0.114827635771961;1),(0.7154250028203305;0.3676936397994459;0),
(-0.6658310268398199;-0.07777044568115707;1),(0.7015612339338775;0.33149104768282955;0),
(-0.6518781996148801;-0.04288096841256769;1),(0.6872762556306173;0.2973680189296903;0),
(-0.6375465081688996;-0.009940802457371757;1),(0.6726481442906965;0.2651181685178528;0),
(-0.6229039775190308;0.021239705716652197;1),(0.6577376562945433;0.23456193368542216;0),
(-0.6080035675255938;0.05082597258464057;1),(0.6425919950500351;0.20554241279414204;0),
(-0.5928863906198627;0.07896288567134889;1),(0.6272476717139909;0.1779219385818525;0),
(-0.5775841669952759;0.10577786330600643;1),(0.6117326949165678;0.15157924518261823;0),
(-0.5621211121320453;0.1313833897065026;1),(0.5960682589396341;0.12640711638082894;0),
(-0.5465153977762035;0.1558791242090218;1),(0.5802700535935761;0.1023104251560821;0),
(-0.5307802895617856;0.1793536635979231;1),(0.5643492862732477;0.07920449258408857;0),
(-0.514925037416065;0.20188602071703451;1),(0.5483134832061108;0.05701370845318063;0),
(-0.4989555754081857;0.22354687004504445;1),(0.5321671199334751;0.03567036728664194;0),
(-0.48287507353989756;0.24439960101493222;1),(0.5159121186774535;0.015113682447298857;0),
(-0.4666843735880899;0.26450121200008897;1),(0.4995482411233954;-0.004711051859274486;0),
(-0.45038233342086464;0.28390307164014056;1),(0.4830733983717974;-0.02385317517812864;0),
(-0.43396609847166046;0.3026515691927091;1),(0.4664838947392379;-0.04235727194264565;0),
(-0.4174313147390778;0.3207886716033753;1),(0.4497746182563997;-0.06026369545484393;0),
(-0.40077229440528256;0.33835240177384945;1),(0.4329391877945293;-0.07760901806493532;0),
(-0.38398214266098674;0.35537724991288416;1),(0.4159700645126847;-0.0944264185243757;0),
(-0.3670528523924715;0.3718945277466837;1),(0.3988586335841457;-0.11074601554689406;0),
(-0.3499753718813226;0.3879326736441786;1),(0.3815952608045212;-0.12659515502324525;0),
(-0.33273964948372015;0.40351751529774127;1),(0.3641693276123355;-0.1419986570253335;0),
(-0.31533465831369833;0.41867249542852053;1),(0.34656924719484394;-0.1569790276464086;0),
(-0.29774840319390383;0.43341886500719773;1),(0.3287824636543189;-0.17155663981023528;0),
(-0.27996791151245265;0.44777584765510087;1),(0.3107954356323413;-0.18574988640629736;0),
(-0.26197920910035627;0.4617607781843143;1),(0.2925936053001084;-0.19957530843977078;0),
(-0.2437672817930511;0.4753892176214748;1),(0.27416135319637824;-0.21304770029881417;0),
(-0.2253160229396669;0.4886750465154017;1),(0.25548193901109095;-0.22618019371602407;0),
(-0.20660816675650664;0.5016305378336914;1),(0.2365374280549124;-0.23898432151663046;0),
(-0.18762520707110494;0.5142664102900536;1),(0.21730860280808423;-0.25147006178572007;0),
(-0.16834730065613243;0.5265918624957509;1),(0.19777485859246233;-0.2636458626337395;0),
(-0.14875315399507355;0.5386145878785128;1),(0.17791408204539852;-0.27551864727685016;0),
(-0.1288198919408421;0.5503407698436097;1),(0.15770251067986282;-0.28709379865839185;0),
(-0.108522906310492;0.5617750561456227;1),(0.13711457137770391;-0.2983751222996485;0),
(-0.0878356819887574;0.5729205108743836;1),(0.11612269516634548;-0.3093647854588156;0),
(-0.06672959757301038;0.5837785418090016;1),(0.09469710505521665;-0.3200632299681801;0),
(-0.045173696962024695;0.5943488001284838;1),(0.07280557303512945;-0.3304690552757911;0),
(-0.0231344275462493;0.6046290485466991;1),(0.05041314154543474;-0.34057886719460734;0),
(-0.0005753397682884687;0.6146149928127784;1),(0.027481803757989712;-0.35038708660153717;0),
(0.02254325824793745;0.624300070119677;1),(0.003970135873954214;-0.35988571075545056;0),
(0.04626469859834795;0.6336751862069029;1),(-0.020167126770476714;-0.3690640179172328;0),
(0.07063641321171524;0.6427283907129904;1),(-0.044979579702475875;-0.37790820342272774;0),
(0.09571046629670535;0.6514444774740812;1),(-0.07052171742526347;-0.3864009321007429;0),
(0.12154417313637761;0.6598044927665322;1),(-0.09685359423952675;-0.39452078769767723;0),
(0.14820082170303733;0.6677851296655916;1),(-0.12404159556531597;-0.40224159443033786;0),
(0.17575051724353902;0.6753579803404947;1),(-0.15215934152525387;-0.4095315784709521;0),
(0.20427117457011076;0.6824886096728948;1),(-0.18128874949097556;-0.4163523274174157;0),
(0.23384968852521398;0.6891354022868735;1),(-0.2115212884581564;-0.42265749268948904;0),
(0.26458332027363324;0.695248119799224;1),(-0.24295946581057898;-0.428391161991193;0),
(0.296581346086932;0.7007660842323777;1),(-0.27571859663414705;-0.43348580457307223;0),
(0.3299670265812258;0.7056158747411005;1),(-0.3099289176816869;-0.43785965821031925;0),
(0.3648799684814072;0.7097083846424163;1),(-0.3457381228362693;-0.44141337943132203;0),
(0.4014789684873988;0.7129350290637199;1),(-0.3833144148974834;-0.4440257113582459;0),
(0.4399454502245054;0.7151628125576537;1),(-0.42285018991346995;-0.4455478270886522;0),
(0.4804876307780422;0.7162278488377984;1),(-0.46456649464996363;-0.445795866251905;0),
(0.5233455822908634;0.7159267527742861;1),(-0.5087184231490942;-0.4445409753500612;0),
(0.5687973838325509;0.7140050685313828;1),(-0.5556016393235794;-0.44149585236262756;0),
(0.6171665818998079;0.7101415098929349;1),(-0.605560216497202;-0.436296324022791;0),
(0.668831177040794;0.7039261919212819;1),(-0.6589959434961612;-0.4284757533739865;0),
(0.7242342898476369;0.6948300980356577;1),(-0.7163790987106883;-0.4174289237317668;0),
(0.7838964448145234;0.6821615344571375;1),(-0.7782603046943437;-0.40236019746512863;0),
(0.8484288529150701;0.6650028971709839;1),(-0.8452821537600375;-0.3822077282893032;0),
(0.9185457443454302;0.6421170542987737;1),(-0.9181871900233459;-0.3555304836039248;0),
(0.9950707290419186;0.6118058617805974;1),(-0.9978140720853871;-0.3203363567406605;0),
(1.0789250862336748;0.5716917258373616;1),(-1.0850628946381784;-0.27381522436070327;0),
(1.1710694168472442;0.5183731856328442;1),(-1.1807855108155072;-0.21191643473852317;0),
(1.2723309931477864;0.4468718119171879;1),(-1.2854970848785232;-0.12867088239309465;0),
(1.382954007454829;0.34973502125400013;1),(-1.398660399521947;-0.015104106725638125;0),
(1.5014734468967432;0.21559857591174822;1),(-1.5169385773955868;0.14243852958296682;0),
(1.6219242447248772;0.02705415578668749;1),(-1.6299575028522137;0.36447665848508093;0),
(1.7270203065298741;-0.24160025913737446;1),(-1.7103567250529408;0.6793165740619089;0),
(-1.6935873276693603;1.1136538013673714;0),(1.7726308247401232;-0.6222196704665051;1),
(-1.5827300690563018;1.6188494982742176;0),(1.5015402995957579;-1.2088179474183078;1),
(-1.165404147572497;2.1635325728205137;0),(0.8454920820659597;-1.684825277548915;1),
(-0.3991264640132377;2.4750042859593773;0),(-0.015197697133069399;-1.7360747930665037;1),
(0.43361109248358887;2.3341264802904393;0),(-0.7096437418279585;-1.3848583075974192;1),
(1.0271592707265147;1.873304088073618;0),(-1.1135041889335868;-0.8721543177933438;1),
(1.3362220028924283;1.3167550774011105;0),(-1.284452848598808;-0.34976219313853785;1),
(-1.2962225469385948;0.1310519583294426;1),(1.4323656041255204;0.7785859499365962;0),
(-1.2456701885159267;0.617006480056652;1),(1.307519775616388;0.26420424207862125;0),
(-1.0835609742199748;1.0542237268338572;1),(1.061799971807847;-0.18987888547380904;0),
(-0.8152863743153367;1.449497439881752;1),(0.6916301094805326;-0.5857203016104147;0),
(-0.41700796272215795;1.8026124872472733;1),(0.1580058837235404;-0.9076818610736839;0),
(0.1843298164186455;2.088370596902477;1),(-0.6426422820420679;-1.078556491353606;0),
(1.1952102764987194;2.1681678802857696;1),(-1.969318688306243;-0.7093316579586662;0),
(-2.7223465412740304;3.9761345654256015;0),(3.3206288302275797;0.8798960348086644;1),
(5.911402066180333;0.9591102000513185;0),(6.030815222850311;2.146000873584424;1),
(6.342475818638507;2.199234269969347;1),(14.722573855857537;2.5328515627036783;0),
(7.706592999891174;2.180767477470631;1),(18.478750911629568;7.673913706162995;0),
(7.858967964346073;2.229772155116754;1),(17.95818982399861;7.489214029487652;0),
(7.914383251057122;2.2517339518284696;1),(17.852429265948356;7.442377124914376;0),
(7.942902524095607;2.2640051827076815;1),(17.80812247190183;7.421545404260156;0),
(7.960271687427836;2.271818035963465;1),(17.783848600198663;7.409807242973744;0),
(7.971960955445909;2.2772246710018536;1),(17.76853509819411;7.402279810852633;0),
(7.980366162129629;2.2811875602785703;1),(17.75799387907781;7.39704229366506;0),
(7.986701764701463;2.2842167754083516;1),(17.750294146103244;7.39318746154935;0),
(7.991648994183151;2.286607560440802;1),(17.744422812317563;7.390231353623953;0),
(7.995619563032785;2.2885425795800467;1),(17.739797287641075;7.3878922837123095;0),
(7.998876971911457;2.2901408842497055;1),(17.736058786796676;7.385995172152045;0),
(8.001597708767617;2.2914833799600896;1),(17.732974272467793;7.384425472164656;0),
(8.003904435018757;2.292626969656181;1),(17.7303857965577;7.383105087750659;0),
(8.00588505800175;2.2936128401172;1),(17.728182505616406;7.381978940881504;0),
(8.007604229291756;2.2944715376497613;1),(17.726284302204586;7.381007071444434;0),
(8.009110560489894;2.2952261961499674;1),(17.7246318676555;7.3801597821327585;0),
(8.010441308765177;2.2958946572184447;1),(17.723180332636517;7.379414541683312;0),
(8.011625510236154;2.296490901943593;1),(17.72189512882524;7.378753945774476;0),
(8.012686129761644;2.297026041685929;1),(17.72074919237819;7.378164336817235;0),
(8.013641569501086;2.297509018594831;1),(17.719721031695965;7.377634846918756;0),
(8.014506748853083;2.2979471104535403;1),(17.718793363076017;7.377156719992656;0),
(8.01529389145171;2.298346300784211;1),(17.717952128600885;7.376722822417401;0),
(8.016013107933416;2.2987115543836993;1),(17.717185776883532;7.376327283762446;0),
(8.016672833753614;2.2990470253324773;1),(17.71648472808536;7.375965228953438;0),
(8.017280162448278;2.299356216028047;1),(17.7158409703753;7.375632575826531;0),
(8.01784110236102;2.299642100189318;1),(17.715247751629956;7.375325880172529;0),
(8.018360776589223;2.299907219009264;1),(17.714699341138648;7.375042215761017;0),
(8.018843580282505;2.3001537570552166;1),(17.71419084344156;7.374779080464584;0),
(8.019293305543787;2.3003836027252564;1),(17.71371805146059;7.374534322089622;0),
(8.019713241460753;2.300598396807119;1),(17.713277329574485;7.3743060792497745;0),
(8.020106254860417;2.3007995717847955;1),(17.71286551974851;7.3740927338384825;0),
(8.020474855986667;2.30098838388653;1),(17.712479865583138;7.373892872529574;0),
(8.020821252286336;2.3011659393915473;1),(17.71211795041345;7.373705255366232;0),
(8.02114739274258;2.301333216360831;1),(17.711777646516953;7.373528789960837;0),
(8.021455004638888;2.301491082694543;1),(17.711457073171218;7.373362510169979;0),
(8.02174562422004;2.3016403112207695;1),(17.711154561812886;7.373205558364357;0),
(8.022020622400435;2.3017815923698772;1),(17.71086862693358;7.373057170605726;0),
(8.022281226428763;2.301915544873567;1),(17.71059794163985;7.372916664189536;0),
(8.022528538232262;2.3020427248387296;1),(17.7103413170278;7.372783427124115;0),
(8.022763550019556;2.3021636334770554;1),(17.710097684695135;7.372656909203997;0),
(8.02298715760854;2.302278723717161;1),(17.70986608184762;7.372536614402486;0),
(8.023200171857143;2.302388405883308;1),(17.709645638561607;7.372422094361431;0),
(8.023403328504791;2.3024930525909273;1),(17.709435566847063;7.37231294279788;0),
(8.023597296676568;2.3025930029821544;1),(17.7092351512209;7.372208790680419;0),
(8.02378268625741;2.3026885664029138;1),(17.709043740552772;7.372109302054356;0),
(8.023960054307741;2.3027800256056197;1),(17.70886074098733;7.372014170416159;0),
(8.024129910662856;2.302867639547402;1),(17.708685609780623;7.371923115554628;0),
(8.024292722834705;2.3029516458422297;1),(17.708517849915868;7.371835880790176;0),
(8.024448920315448;2.3030322629158753;1),(17.708357005385913;7.371752230554866;0),
(8.024598898366248;2.303109691904906;1),(17.708202657048023;7.371671948265126;0),
(8.024743021361756;2.303184118334489;1),(17.708054418971606;7.371594834446654;0),
(8.024881625749925;2.3032557136045035;1),(17.70791193521178;7.3715207050772955;0),
(8.0250150226778;2.3033246363090285;1),(17.707774876951945;7.371449390118902;0),
(8.025143500326449;2.303391033410616;1),(17.707642939967084;7.371380732213481;0),
(8.025267325991964;2.303455041287651;1),(17.707515842366504;7.3713145855225894;0),
(8.02538674794417;2.303516786670528;1),(17.707393322580778;7.371250814691925;0),
(8.025501997090267;2.3035763874801694;1),(17.707275137562586;7.371189293925651;0),
(8.02561328846688;2.303633953580574;1),(17.707161061175437;7.371129906157102;0),
(8.025720822580828;2.3036895874555072;1),(17.707050882747716;7.371072542304381;0),
(8.025824786616191;2.3037433848181026;1),(17.706944405772635;7.3710171006008585;0),
(8.025925355523;2.3037954351610166;1),(17.70684144673719;7.370963485991943;0),
(8.026022693000874;2.3038458222537876;1),(17.706741834065408;7.37091160959058;0),
(8.026116952389227;2.30389462459322;1),(17.7066454071631;7.370861388184918;0),
(8.026208277474264;2.303941915811887;1),(17.706552015552916;7.370812743792404;0),
(8.026296803221685;2.3039877650492326;1),(17.706461518089874;7.370765603255276;0),
(8.02638265644296;2.3040322372892024;1),(17.706373782248818;7.370719897873043;0),
(8.026465956402106;2.3040753936678753;1),(17.706288683476153;7.370675563068047;0),
(8.026546815369056;2.304117291754164;1),(17.70620610459924;7.370632538080711;0),
(8.026625339125054;2.3041579858062904;1),(17.70612593528754;7.370590765691421;0),
(8.026701627424831;2.304197527006444;1),(17.706048071560303;7.370550191966376;0),
(8.02677577441983;2.304235963675759;1),(17.70597241533614;7.3705107660250215;0),
(8.026847869046255;2.304273341471506;1),(17.70589887402045;7.370472439826974;0),
(8.026917995381307;2.304309703568197;1),(17.705827360126936;7.370435167976535;0),
(8.026986232970607;2.304345090824108;1),(17.705757790930107;7.37039890754314;0),
(8.027052657129497;2.304379541934578;1),(17.705690088145698;7.370363617896239;0),
(8.027117339220602;2.3044130935732885;1),(17.705624177636537;7.37032926055328;0),
(8.027180346909832;2.30444578052261;1),(17.705559989141474;7.370295799039587;0),
(8.027241744402732;2.304477635793992;1),(17.7054974560253;7.370263198759071;0),
(8.027301592662921;2.304508690739271;1),(17.705436515047776;7.3702314268748035;0),
(8.027359949614198;2.304538975153686;1),(17.705377106150127;7.370200452198591;0),
(8.027416870327707;2.3045685173713153;1),(17.70531917225741;7.370170245088762;0),
(8.027472407195438;2.3045973443535726;1),(17.705262659095464;7.370140777355465;0),
(8.02752661009122;2.304625481771352;1),(17.705207515021158;7.370112022172846;0),
(8.02757952652024;2.3046529540813383;1),(17.705153690864854;7.370083953997521;0),
(8.027631201758028;2.30467978459697;1),(17.70510113978405;7.370056548492835;0),
(8.027681678979777;2.3047059955544786;1),(17.705049817127282;7.370029782458416;0),
(8.027730999380752;2.304731608174403;1),(17.70499968030749;7.370003633764616;0),
(8.027779202288523;2.304756642718937;1),(17.704950688684054;7.369978081291442;0),
(8.027826325267633;2.304781118545432;1),(17.704902803452825;7.369953104871605;0),
(8.027872404217318;2.3048050541563563;1),(17.704855987543542;7.369928685237404;0),
(8.02791747346279;2.3048284672459793;1),(17.704810205524048;7.369904803971103;0),
(8.027961565840577;2.30485137474403;1),(17.70476542351077;7.369881443458571;0),
(8.028004712778387;2.3048737928565526;1),(17.70472160908503;7.369858586845919;0),
(8.028046944369855;2.3048957371041747;1),(17.704678731214706;7.36983621799892;0),
(8.02808828944461;2.3049172223579664;1),(17.704636760180886;7.369814321464989;0),
(8.028128775633956;2.3049382628730752;1),(17.704595667509114;7.369792882437564;0),
(8.0281684294325;2.3049588723202916;1),(17.704555425904918;7.369771886722688;0),
(8.028207276256015;2.3049790638156917;1),(17.70451600919331;7.369751320707646;0),
(8.028245340495813;2.3049988499484937;1),(17.704477392261957;7.36973117133151;0),
(8.028282645569847;2.3050182428072525;1),(17.7044395510078;7.369711426057458;0),
(8.028319213970796;2.3050372540045077;1),(17.704402462286833;7.369692072846745;0),
(8.02835506731132;2.3050558946999864;1),(17.704366103866885;7.369673100134204;0),
(8.028390226366689;2.3050741756224666;1),(17.704330454383133;7.369654496805183;0),
(8.028424711114953;2.3050921070903807;1),(17.704295493296204;7.369636252173821;0),
(8.028458540774826;2.305109699031251;1),(17.704261200852695;7.369618355962561;0),
(8.02849173384143;2.3051269610000316;1),(17.704227558047933;7.36960079828283;0),
(8.028524308120026;2.3051439021964235;1),(17.704194546590813;7.369583569616812;0),
(8.0285562807579;2.3051605314812367;1),(17.70416214887063;7.369566660800223;0),
(8.02858766827447;2.305176857391853;1),(17.70413034792572;7.369550063006052;0),
(8.028618486589773;2.305192888156853;1),(17.704099127413837;7.369533767729181;0),
(8.028648751051406;2.3052086317098524;1),(17.70406847158412;7.369517766771844;0),
(8.028678476460032;2.3052240957026044;1),(17.704038365250586;7.369502052229867;0),
(8.028707677093523;2.3052392875174084;1),(17.704008793767027;7.369486616479637;0),
(8.028736366729857;2.3052542142788677;1),(17.703979743003234;7.369471452165765;0),
(8.028764558668797;2.305268882865039;1),(17.703951199322475;7.369456552189389;0),
(8.028792265752468;2.3052832999180066;1),(17.703923149560126;7.369441909697087;0),
(8.028819500384873;2.305297471853916;1),(17.703895581003422;7.369427518070357;0),
(8.028846274550425;2.3053114048725023;1),(17.703868481372233;7.369413370915641;0),
(8.028872599831534;2.305325104966139;1),(17.703841838800802;7.369399462054841;0),
(8.028898487425334;2.305338577928437;1),(17.70381564182043;7.369385785516323;0),
(8.028923948159566;2.3053518293624164;1),(17.703789879342985;7.369372335526362;0),
(8.028948992507692;2.3053648646882836;1),(17.703764540645253;7.369359106501005;0),
(8.028973630603266;2.3053776891508257;1),(17.703739615354053;7.369346093038343;0),
(8.028997872253617;2.305390307826453;1),(17.703715093432056;7.36933328991115;0),
(8.029021726952868;2.3054027256298997;1),(17.703690965164306;7.369320692059874;0),
(8.029045203894345;2.305414947320614;1),(17.703667221145384;7.369308294585972;0),
(8.0290683119824;2.3054269775088403;1),(17.703643852267167;7.36929609274555;0),
(8.029091059843672;2.3054388206614234;1),(17.703620849707182;7.369284081943313;0),
(8.029113455837836;2.30545048110734;1),(17.703598204917483;7.369272257726785;0),
(8.029135508067846;2.3054619630429793;1),(17.703575909614067;7.369260615780809;0),
(8.029157224389722;2.3054732705371785;1),(17.703553955766747;7.369249151922287;0),
(8.029178612421887;2.3054844075360363;1),(17.70353233558952;7.3692378620951695;0),
(8.029199679554074;2.305495377867504;1),(17.70351104153135;7.369226742365669;0),
(8.029220432955851;2.3055061852457763;1),(17.70349006626736;7.369215788917684;0),
(8.029240879584764;2.305516833275486;1),(17.703469402690438;7.369204998048431;0),
(8.029261026194106;2.305527325455714;1),(17.703449043903202;7.369194366164273;0),
(8.029280879340371;2.3055376651838264;1),(17.70342898321032;7.369183889776722;0),
(8.029300445390364;2.305547855759143;1),(17.703409214111154;7.369173565498621;0),
(8.029319730528016;2.3055579003864497;1),(17.70338973029275;7.3691633900404945;0),
(8.029338740760899;2.3055678021793606;1),(17.703370525623093;7.369153360207048;0),
(8.029357481926477;2.305577564163537;1),(17.703351594144696;7.369143472893825;0),
(8.029375959698076;2.3055871892797732;1),(17.703332930068406;7.369133725083997;0),
(8.029394179590621;2.3055966803869494;1),(17.70331452776752;7.369124113845297;0),
(8.029412146966123;2.3056060402648653;1),(17.703296381772116;7.369114636327075;0),
(8.029429867038942;2.3056152716169565;1),(17.70327848676363;7.369105289757479;0),
(8.029447344880836;2.3056243770728986;1),(17.703260837569662;7.369096071440747;0),
(8.029464585425806;2.3056333591911056;1),(17.703243429158984;7.369086978754621;0),
(8.029481593474738;2.305642220461128;1),(17.703226256636757;7.36907800914785;0),
(8.029498373699862;2.305650963305956;1),(17.703209315239942;7.3690691601378076;0),
(8.02951493064904;2.305659590084226;1),(17.703192600332883;7.3690604293082;0),
(8.029531268749867;2.305668103092346;1),(17.703176107403095;7.369051814306862;0),
(8.029547392313631;2.3056765045665344;1),(17.703159832057185;7.369043312843645;0),
(8.029563305539101;2.305684796684778;1),(17.70314377001695;7.369034922688388;0),
(8.029579012516177;2.3056929815687166;1),(17.703127917115637;7.369026641668964;0),
(8.029594517229393;2.305701061285453;1),(17.70311226929432;7.369018467669404;0),
(8.029609823561294;2.305709037849294;1),(17.703096822598447;7.369010398628095;0),
(8.029624935295676;2.3057169132234265;1),(17.7030815731745;7.369002432536045;0),
(8.029639856120701;2.3057246893215284;1),(17.703066517266798;7.368994567435214;0),
(8.029654589631908;2.3057323680093194;1),(17.703051651214395;7.36898680141691;0),
(8.029669139335102;2.3057399511060543;1),(17.703036971448125;7.368979132620242;0),
(8.029683508649127;2.3057474403859617;1),(17.703022474487742;7.368971559230636;0),
(8.029697700908555;2.305754837579627;1),(17.70300815693916;7.3689640794784;0),
(8.029711719366265;2.3057621443753265;1),(17.702994015491807;7.368956691637345;0),
(8.029725567195928;2.305769362420314;1),(17.702980046916082;7.368949394023456;0),
(8.029739247494406;2.3057764933220577;1),(17.70296624806087;7.3689421849936165;0),
(8.029752763284058;2.305783538649435;1),(17.702952615851203;7.368935062944366;0),
(8.029766117514972;2.3057904999338845;1),(17.702939147285942;7.368928026310717;0),
(8.029779313067108;2.305797378670514;1),(17.702925839435604;7.368921073565006;0),
(8.029792352752372;2.3058041763191746;1),(17.70291268944021;7.3689142032157875;0),
(8.029805239316614;2.305810894305491;1),(17.702899694507256;7.368907413806766;0),
(8.02981797544156;2.3058175340218616;1),(17.702886851909714;7.3689007039157675;0),
(8.029830563746666;2.305824096828418;1),(17.702874158984148;7.368894072153745;0),
(8.029843006790921;2.3058305840539566;1),(17.702861613128857;7.368887517163822;0),
(8.02985530707458;2.3058369969968355;1),(17.70284921180209;7.368881037620363;0),
(8.02986746704084;2.3058433369258404;1),(17.702836952520347;7.36887463222808;0),
(8.029879489077455;2.305849605081023;1),(17.702824832856702;7.368868299721171;0),
(8.029891375518309;2.305855802674508;1),(17.702812850439216;7.368862038862487;0),
(8.029903128644914;2.305861930891277;1),(17.70280100294938;7.368855848442718;0),
(8.029914750687885;2.305867990889923;1),(17.70278928812061;7.368849727279623;0),
(8.029926243828337;2.3058739838033815;1),(17.702777703736825;7.368843674217273;0),
(8.029937610199264;2.305879910739636;1),(17.70276624763103;7.368837688125323;0),
(8.02994885188685;2.3058857727824025;1),(17.702754917683965;7.368831767898308;0),
(8.029959970931749;2.305891570991789;1),(17.70274371182281;7.368825912454962;0),
(8.029970969330321;2.305897306404936;1),(17.7027326280199;7.368820120737563;0),
(8.02998184903583;2.3059029800366346;1),(17.70272166429152;7.368814391711289;0),
(8.02999261195959;2.3059085928799257;1),(17.70271081869672;7.368808724363605;0),
(8.030003259972101;2.3059141459066788;1),(17.702700089336147;7.368803117703669;0),
(8.030013794904121;2.3059196400681548;1),(17.70268947435097;7.368797570761749;0),
(8.030024218547721;2.305925076295548;1),(17.70267897192177;7.368792082588667;0),
(8.030034532657298;2.3059304555005125;1),(17.70266858026753;7.368786652255255;0),
(8.030044738950565;2.305935778575674;1),(17.70265829764461;7.368781278851834;0),
(8.0300548391095;2.3059410463951213;1),(17.702648122345778;7.368775961487702;0),
(8.030064834781273;2.305946259814886;1),(17.70263805269926;7.368770699290643;0),
(8.03007472757914;2.3059514196734074;1),(17.702628087067833;7.3687654914064495;0),
(8.030084519083319;2.3059565267919804;1),(17.702618223847928;7.368760336998462;0),
(8.030094210841819;2.305961581975193;1),(17.702608461468774;7.368755235247118;0),
(8.030103804371265;2.3059665860113476;1),(17.70259879839156;7.368750185349519;0),
(8.030113301157687;2.3059715396728726;1),(17.70258923310863;7.36874518651901;0),
(8.03012270265729;2.3059764437167183;1),(17.702579764142698;7.368740237984766;0),
(8.030132010297192;2.3059812988847446;1),(17.702570390046088;7.368735338991403;0),
(8.030141225476159;2.305986105904093;1),(17.702561109399987;7.368730488798588;0),
(8.03015034956529;2.305990865487552;1),(17.702551920813743;7.368725686680666;0),
(8.030159383908709;2.3059955783339077;1),(17.702542822924165;7.368720931926301;0),
(8.030168329824221;2.3060002451282875;1),(17.70253381439484;7.368716223838125;0),
(8.030177188603957;2.306004866542491;1),(17.702524893915484;7.3687115617323915;0),
(8.03018596151499;2.3060094432353133;1),(17.702516060201315;7.368706944938649;0),
(8.030194649799942;2.306013975852858;1),(17.702507311992424;7.368702372799418;0),
(8.030203254677573;2.3060184650288416;1),(17.70249864805318;7.368697844669879;0),
(8.030211777343352;2.3060229113848876;1),(17.702490067171645;7.368693359917571;0),
(8.030220218970005;2.306027315530816;1),(17.70248156815902;7.368688917922092;0),
(8.030228580708059;2.30603167806492;1),(17.702473149849077;7.368684518074818;0),
(8.03023686368636;2.3060359995742385;1),(17.70246481109764;7.368680159778622;0),
(8.030245069012588;2.3060402806348184;1),(17.70245655078207;7.368675842447605;0),
(8.030253197773746;2.3060445218119714;1),(17.70244836780074;7.3686715655068316;0),
(8.030261251036638;2.3060487236605227;1),(17.702440261072567;7.368667328392078;0),
(8.030269229848342;2.3060528867250536;1),(17.70243222953652;7.368663130549581;0),
(8.03027713523666;2.3060570115401355;1),(17.70242427215117;7.368658971435795;0),
(8.030284968210562;2.3060610986305607;1),(17.70241638789423;7.368654850517164;0),
(8.030292729760612;2.3060651485115633;1),(17.702408575762128;7.368650767269885;0),
(8.030300420859389;2.3060691616890368;1),(17.70240083476956;7.368646721179692;0),
(8.030308042461892;2.3060731386597446;1),(17.702393163949093;7.3686427117416375;0),
(8.030315595505934;2.306077079911525;1),(17.702385562350766;7.368638738459883;0),
(8.030323080912531;2.306080985923491;1),(17.702378029041686;7.368634800847495;0),
(8.030330499586272;2.306084857166224;1),(17.702370563105642;7.368630898426244;0),
(8.030337852415688;2.3060886941019634;1),(17.70236316364275;7.368627030726413;0),
(8.030345140273601;2.30609249718479;1),(17.70235582976908;7.368623197286607;0),
(8.030352364017476;2.306096266860806;1),(17.7023485606163;7.368619397653572;0),
(8.030359524489752;2.30610000356831;1),(17.702341355331352;7.368615631382015;0),
(8.030366622518173;2.3061037077379645;1),(17.702334213076096;7.368611898034429;0),
(8.030373658916107;2.306107379792964;1),(17.702327133026998;7.368608197180923;0),
(8.030380634482853;2.306111020149195;1),(17.702320114374807;7.368604528399062;0),
(8.03038755000395;2.3061146292153927;1),(17.70231315632425;7.368600891273698;0),
(8.030394406251464;2.306118207393296;1),(17.702306258093735;7.368597285396821;0),
(8.030401203984287;2.306121755077794;1),(17.70229941891505;7.368593710367403;0),
(8.030407943948404;2.3061252726570736;1),(17.702292638033082;7.368590165791247;0),
(8.030414626877175;2.3061287605127587;1),(17.70228591470554;7.368586651280847;0),
(8.030421253491598;2.306132219020051;1),(17.702279248202686;7.3685831664552435;0),
(8.030427824500569;2.306135648547863;1),(17.70227263780706;7.368579710939887;0),
(8.030434340601131;2.306139049458949;1),(17.702266082813235;7.368576284366503;0),
(8.03044080247873;2.306142422110034;1),(17.702259582527564;7.36857288637296;0),
(8.030447210807443;2.306145766851938;1),(17.702253136267927;7.368569516603146;0),
(8.030453566250227;2.3061490840296974;1),(17.7022467433635;7.368566174706839;0),
(8.030459869459133;2.306152373982685;1),(17.70224040315452;7.368562860339589;0),
(8.030466121075538;2.3061556370447227;1),(17.702234114992056;7.368559573162599;0),
(8.03047232173036;2.306158873544199;1),(17.702227878237792;7.368556312842608;0),
(8.03047847204427;2.306162083804175;1),(17.70222169226381;7.36855307905178;0),
(8.030484572627905;2.306165268142495;1),(17.702215556452373;7.368549871467594;0),
(8.03049062408206;2.3061684268718885;1),(17.702209470195726;7.368546689772735;0),
(8.030496626997888;2.3061715603000756;1),(17.702203432895892;7.368543533654993;0),
(8.030502581957101;2.306174668729865;1),(17.70219744396448;7.368540402807155;0),
(8.030508489532151;2.3061777524592526;1),(17.702191502822487;7.368537296926911;0),
(8.030514350286412;2.3061808117815152;1),(17.70218560890012;7.368534215716755;0),
(8.03052016477436;2.3061838469853058;1),(17.702179761636604;7.368531158883886;0),
(8.030525933541757;2.306186858354743;1),(17.70217396048001;7.368528126140123;0),
(8.030531657125804;2.3061898461694996;1),(17.702168204887087;7.368525117201806;0),
(8.030537336055328;2.3061928107048897;1),(17.702162494323076;7.368522131789714;0),
(8.030542970850929;2.3061957522319534;1),(17.702156828261565;7.368519169628975;0),
(8.030548562025146;2.306198671017539;1),(17.702151206184304;7.368516230448983;0),
(8.030554110082614;2.3062015673243836;1),(17.702145627581068;7.368513313983315;0),
(8.030559615520211;2.3062044414111926;1),(17.70214009194949;7.368510419969652;0),
(8.03056507882721;2.3062072935327165;1),(17.70213459879492;7.368507548149696;0),
(8.030570500485425;2.3062101239398256;1),(17.702129147630263;7.3685046982691;0),
(8.030575880969344;2.3062129328795846;1),(17.702123737975846;7.368501870077386;0),
(8.030581220746283;2.3062157205953238;1),(17.70211836935928;7.368499063327877;0),
(8.030586520276506;2.3062184873267095;1),(17.70211304131531;7.368496277777621;0),
(8.030591780013365;2.306221233309813;1),(17.702107753385693;7.368493513187324;0),
(8.030597000403432;2.3062239587771773;1),(17.70210250511906;7.36849076932128;0),
(8.030602181886616;2.3062266639578834;1),(17.70209729607079;7.368488045947304;0),
(8.030607324896295;2.306229349077614;1),(17.70209212580288;7.368485342836666;0),
(8.030612429859431;2.306232014358716;1),(17.70208699388383;7.36848265976403;0),
(8.030617497196697;2.306234660020263;1),(17.702081899888515;7.368479996507387;0),
(8.030622527322581;2.3062372862781135;1),(17.70207684339807;7.368477352847996;0),
(8.030627520645508;2.3062398933449724;1),(17.702071823999784;7.368474728570324;0),
(8.030632477567945;2.3062424814304454;1),(17.702066841286968;7.368472123461988;0),
(8.030637398486514;2.306245050741097;1),(17.702061894858865;7.368469537313696;0),
(8.030642283792094;2.3062476014805062;1),(17.70205698432053;7.368466969919192;0),
(8.030647133869925;2.3062501338493173;1),(17.70205210928274;7.368464421075202;0),
(8.030651949099713;2.306252648045296;1),(17.702047269361866;7.368461890581378;0),
(8.030656729855723;2.306255144263378;1),(17.702042464179794;7.3684593782402485;0),
(8.030661476506882;2.306257622695721;1),(17.70203769336382;7.3684568838571645;0),
(8.030666189416868;2.3062600835317553;1),(17.702032956546553;7.368454407240249;0),
(8.03067086894421;2.3062625269582284;1),(17.702028253365814;7.368451948200352;0),
(8.030675515442372;2.306264953159255;1),(17.70202358346456;7.368449506550997;0),
(8.030680129259848;2.3062673623163636;1),(17.702018946490774;7.368447082108336;0),
(8.030684710740243;2.306269754608539;1),(17.7020143420974;7.368444674691105;0),
(8.030689260222363;2.30627213021227;1),(17.702009769942226;7.368442284120576;0),
(8.030693778040298;2.306274489301591;1),(17.70200522968783;7.3684399102205145;0),
(8.030698264523503;2.3062768320481237;1),(17.702000721001475;7.368437552817136;0),
(8.030702719996874;2.3062791586211207;1),(17.70199624355504;7.368435211739064;0),
(8.030707144780838;2.306281469187505;1),(17.70199179702493;7.368432886817287;0),
(8.030711539191413;2.306283763911911;1),(17.70198738109201;7.368430577885117;0),
(8.030715903540303;2.3062860429567222;1),(17.701982995441522;7.368428284778154;0),
(8.030720238134952;2.3062883064821103;1),(17.70197863976301;7.368426007334243;0),
(8.030724543278632;2.3062905546460724;1),(17.70197431375024;7.368423745393437;0),
(8.030728819270504;2.3062927876044688;1),(17.701970017101154;7.368421498797959;0),
(8.03073306640569;2.306295005511058;1),(17.70196574951776;7.368419267392167;0),
(8.030737284975343;2.306297208517532;1),(17.701961510706102;7.368417051022517;0),
(8.030741475266714;2.306299396773551;1),(17.70195730037616;7.368414849537525;0),
(8.03074563756321;2.306301570426778;1),(17.701953118241814;7.368412662787739;0),
(8.03074977214447;2.3063037296229116;1),(17.701948964020755;7.368410490625697;0),
(8.030753879286413;2.3063058745057177;1),(17.70194483743443;7.368408332905903;0),
(8.030757959261315;2.306308005217063;1),(17.70194073820798;7.368406189484786;0),
(8.030762012337856;2.3063101218969444;1),(17.70193666607019;7.368404060220674;0),
(8.030766038781186;2.3063122246835217;1),(17.701932620753404;7.3684019449737574;0),
(8.030770038852983;2.306314313713146;1),(17.701928601993487;7.368399843606065;0),
(8.030774012811506;2.306316389120391;1),(17.70192460952976;7.368397755981429;0),
(8.030777960911651;2.306318451038079;1),(17.70192064310495;7.368395681965459;0),
(8.03078188340501;2.3063204995973123;1),(17.70191670246512;7.368393621425507;0),
(8.030785780539922;2.3063225349275;1),(17.701912787359632;7.368391574230647;0),
(8.030789652561523;2.3063245571563837;1),(17.70190889754108;7.368389540251644;0),
(8.0307934997118;2.3063265664100667;1),(17.701905032765254;7.368387519360923;0),
(8.03079732222964;2.306328562813038;1),(17.701901192791066;7.3683855114325505;0),
(8.03080112035088;2.3063305464882;1),(17.701897377380522;7.368383516342199;0),
(8.030804894308359;2.3063325175568923;1),(17.70189358629866;7.368381533967129;0),
(8.030808644331957;2.3063344761389164;1),(17.701889819313504;7.368379564186159;0),
(8.030812370648652;2.3063364223525618;1),(17.701886076196022;7.368377606879645;0),
(8.030816073482558;2.3063383563146274;1),(17.701882356720077;7.36837566192945;0),
(8.030819753054976;2.3063402781404463;1),(17.701878660662373;7.368373729218928;0),
(8.03082340958443;2.3063421879439088;1),(17.70187498780242;7.368371808632895;0),
(8.030827043286719;2.306344085837484;1),(17.70187133792249;7.368369900057607;0),
(8.030830654374954;2.3063459719322426;1),(17.70186771080757;7.368368003380739;0),
(8.030834243059601;2.3063478463378786;1),(17.701864106245317;7.3683661184913625;0),
(8.030837809548524;2.30634970916273;1),(17.701860524026028;7.368364245279925;0),
(8.030841354047022;2.3063515605138;1),(17.70185696394259;7.3683623836382255;0),
(8.03084487675787;2.306353400496778;1),(17.70185342579044;7.368360533459397;0),
(8.030848377881357;2.306355229216059;1),(17.701849909367528;7.368358694637883;0),
(8.030851857615325;2.3063570467747634;1),(17.70184641447428;7.368356867069422;0),
(8.030855316155204;2.3063588532747565;1),(17.701842940913554;7.368355050651021;0),
(8.030858753694055;2.3063606488166686;1),(17.701839488490617;7.368353245280945;0),
(8.030862170422596;2.3063624334999115;1),(17.701836057013093;7.368351450858687;0),
(8.030865566529245;2.3063642074226984;1),(17.70183264629093;7.368349667284961;0),
(8.03086894220015;2.306365970682062;1),(17.701829256136378;7.3683478944616745;0),
(8.03087229761923;2.3063677233738713;1),(17.701825886363938;7.368346132291916;0),
(8.030875632968197;2.3063694655928497;1),(17.701822536790335;7.368344380679934;0),
(8.030878948426599;2.306371197432592;1),(17.70181920723449;7.3683426395311225;0),
(8.03088224417185;2.3063729189855806;1),(17.701815897517474;7.368340908752001;0),
(8.03088552037926;2.3063746303432024;1),(17.701812607462493;7.3683391882502;0),
(8.03088877722206;2.3063763315957653;1),(17.70180933689484;7.368337477934445;0),
(8.030892014871446;2.3063780228325133;1),(17.701806085641877;7.368335777714538;0),
(8.0308952334966;2.306379704141643;1),(17.701802853533;7.368334087501343;0),
(8.030898433264722;2.306381375610318;1),(17.701799640399603;7.36833240720677;0),
(8.030901614341056;2.3063830373246845;1),(17.701796446075058;7.3683307367437605;0),
(8.030904776888923;2.306384689369886;1),(17.70179327039468;7.368329076026272;0),
(8.030907921069744;2.306386331830079;1),(17.70179011319571;7.368327424969262;0),
(8.030911047043073;2.3063879647884438;1),(17.701786974317262;7.368325783488677;0),
(8.030914154966622;2.306389588327203;1),(17.701783853600325;7.368324151501434;0),
(8.030917244996283;2.306391202527633;1),(17.701780750887718;7.368322528925408;0),
(8.03092031728616;2.306392807470077;1),(17.70177766602407;7.368320915679421;0),
(8.030923371988592;2.3063944032339587;1),(17.701774598855792;7.368319311683223;0),
(8.03092640925418;2.3063959898977977;1),(17.701771549231054;7.368317716857483;0),
(8.030929429231808;2.306397567539219;1),(17.701768516999756;7.368316131123776;0),
(8.030932432068672;2.306399136234968;1),(17.701765502013505;7.3683145544045665;0),
(8.0309354179103;2.306400696060921;1),(17.70176250412559;7.3683129866232;0),
(8.030938386900578;2.3064022470920995;1),(17.701759523190965;7.368311427703887;0),
(8.030941339181771;2.3064037894026814;1),(17.70175655906622;7.3683098775716935;0),
(8.03094427489455;2.306405323066012;1),(17.70175361160955;7.368308336152528;0),
(8.030947194178006;2.3064068481546167;1),(17.70175068068075;7.36830680337313;0),
(8.030950097169683;2.3064083647402125;1),(17.701747766141175;7.368305279161057;0),
(8.03095298400559;2.306409872893718;1),(17.70174486785373;7.3683037634446755;0),
(8.03095585482023;2.306411372685266;1),(17.701741985682848;7.3683022561531475;0),
(8.030958709746612;2.306412864184213;1),(17.701739119494462;7.36830075721642;0),
(8.030961548916281;2.306414347459151;1),(17.70173626915599;7.368299266565216;0),
(8.03096437245933;2.3064158225779177;1),(17.701733434536308;7.368297784131021;0),
(8.030967180504428;2.3064172896076065;1),(17.701730615505742;7.368296309846074;0),
(8.030969973178832;2.306418748614577;1),(17.70172781193603;7.368294843643358;0),
(8.030972750608411;2.306420199664464;1),(17.701725023700327;7.368293385456589;0),
(8.030975512917664;2.3064216428221904;1),(17.70172225067316;7.368291935220204;0),
(8.030978260229734;2.306423078151972;1),(17.701719492730426;7.368290492869354;0),
(8.030980992666436;2.306424505717332;1),(17.70171674974937;7.368289058339895;0),
(8.030983710348265;2.3064259255811064;1),(17.70171402160856;7.368287631568373;0),
(8.030986413394418;2.3064273378054563;1),(17.701711308187882;7.368286212492024;0),
(8.030989101922815;2.306428742451875;1),(17.70170860936851;7.368284801048755;0),
(8.03099177605011;2.306430139581198;1),(17.701705925032893;7.368283397177141;0),
(8.03099443589171;2.30643152925361;1),(17.701703255064743;7.368282000816413;0),
(8.030997081561795;2.306432911528657;1),(17.70170059934901;7.368280611906453;0),
(8.030999713173328;2.3064342864652505;1),(17.70169795777187;7.36827923038778;0),
(8.031002330838076;2.3064356541216795;1),(17.70169533022071;7.368277856201547;0),
(8.031004934666624;2.306437014555617;1),(17.701692716584102;7.368276489289528;0),
(8.031007524768393;2.306438367824128;1),(17.701690116751806;7.368275129594113;0),
